

##NORMALIZATION W NA RESULTS
Maximums:
[2746564, 204.0, 2130706796.0, 8584297742.0, 21050.0, 20070.0, 3376892.0, 4109372.0, 10552856.0, 63402074.0, 228830570.0, 179187978.0, 94020666.0, 63346754.0, 17702522.0, 25198514.0, 74247318.0, 16512852.0, 5629340.0, 10444924.0, 34762578.0, 55903508.0, 140861830.0, 122201822.0, 77934944.0, 25562646.0, 350.0, 1655240.0, 10400504.0, 2626676.0, 794458.0, 116652.0, 50553892.0, 80525378.0, 28474838.0, 13945170.0, 40028704.0, 124948914.0, 127680326.0, 489678156.0, 104566992.0, 18824656.0, 10124620.0, 4530258.0, 14217662.0, 45584242.0, 123047106.0, 467832334.0, 64589140.0, 39158218.0, 1947884.0, 666148.0, 232871714.0, 116283282.0, 55807388.0, 36931418.0, 25158556.0, 19208664.0, 18997660.0, 14314086.0, 31265984.0, 43706408.0, 192871534.0, 396952.0, 306452.0, 810568.0, 51050.0, 74247318.0, 3200582.0, 44937496.0, 45736316.0, 1310700.0, 1310700.0, 1310700.0, 1310700.0, 1310700.0, 1310700.0, 1310700.0, 1310700.0, 1037240.0, 2746564.8300000001, 192871534.0, 192871534.0, 186353854.0, 1002003.0, 40542588.0, 120956.0, 1209520.0, 148615188.0, 1209600.0, 4908098.0, 8584297736.0, 21400.0, 2.0, 140986129.91999999, 60949671.359999999, 55428669.119999997, 130560.0, 73370.0, 6278490.0, 14512994.0, 58508606.0, 94979324.0, 169869316.0, 117815764.0, 72080406.0, 33143734.0, 7541716.0, 36398374.0, 8584297742.0, 496360.0, 192871534.0, 57450.0, 839240.0, 438806.0, 46085940.0, 42421854.0, 74860628.0, 379142116.0, 73741974.0, 12884218.0, 1584558.0, 44902992.0, 910366.0, 733688.0, 81610510.0, 44105494.0, 931472.0, 19156530.0, 21006.0, 9636.0, 120759484.0, 445142.0, 176176.0, 21613910.0, 27064294.0, 124700880.0, 22987424.0, 726750.0, 5483574.0, 103858120.0, 23697916.0, 2924584.0, 1874542.0, 348118.0, 6351872864.0, 50137662.0, 4970962.0, 656432.0, 460207620.0, 127034534.0, 114288420.0, 3793022.0, 1414.0, 8506.0, 1322456920.0, 106020.22, 82806.0, 74984446.0, 98224378.0, 77933926.0, 37758390.0, 97152378.0, 57435236.0, 31607814.0, 119580108.0, 19267396.0, 3810078.0, 482.0, 1146.0]
Minimums:
[0, 0.0, 0.0, 0.0, 0.0, 0.0, 0.0, 0.0, 0.0, 0.0, 0.0, 0.0, 0.0, 0.0, 0.0, 0.0, 0.0, 0.0, 0.0, 0.0, 0.0, 0.0, 0.0, 0.0, 0.0, 0.0, 0.0, 0.0, 0.0, 0.0, 0.0, 0.0, 0.0, 0.0, 0.0, 0.0, 0.0, 0.0, 0.0, 0.0, 0.0, 0.0, 0.0, 0.0, 0.0, 0.0, 0.0, 0.0, 0.0, 0.0, 0.0, 0.0, 0.0, 0.0, 0.0, 0.0, 0.0, 0.0, 0.0, 0.0, 0.0, 0.0, 0.0, 0.0, 0.0, 0.0, 0.0, 0.0, 0.0, 0.0, 0.0, 0.0, 0.0, 0.0, 0.0, 0.0, 0.0, 0.0, 0.0, 0.0, 0.0, 0.0, 0.0, 172.0, 0.0, 0.0, 0.0, 0.0, 0.0, 1209600.0, 0.0, 0.0, 0.0, 0.0, 0.0, 0.0, 0.0, 0.0, 0.0, 0.0, 0.0, 0.0, 0.0, 0.0, 0.0, 0.0, 0.0, 0.0, 0.0, 0.0, 0.0, 0.0, 0.0, 0.0, 0.0, 0.0, 0.0, 0.0, 0.0, 0.0, 0.0, 0.0, 0.0, 0.0, 0.0, 0.0, 0.0, 0.0, 0.0, 0.0, 0.0, 0.0, 0.0, 0.0, 0.0, 0.0, 0.0, 0.0, 0.0, 0.0, 0.0, 0.0, 0.0, 0.0, 0.0, 0.0, 0.0, 0.0, 0.0, 0.0, 0.0, 0.0, 0.0, 0.0, 0.0, 0.0, 0.0, 0.0, 0.0, 0.0, 0.0, 0.0, 0.0, 0.0, 0.0, 0.0, 0.0, 0.0, 0.0, 0.0]



##Most features missing in normal dataset
ab_000 with 77.215% missing
bm_000 with 65.915% missing
bn_000 with 73.34833333333334% missing
bo_000 with 77.22166666666666% missing
bp_000 with 79.56666666666666% missing
bq_000 with 81.20333333333333% missing (CAN BE REMOVED, over 80%)
br_000 with 82.10666666666665% missing (CAN BE REMOVED, over 80%)
cr_000 with 77.215% missing



##Most features missing in positive dataset

ab_000 with 77.10000000000001% missing
ad_000 with 64.5% missing
cf_000 with 64.5% missing
cg_000 with 64.5% missing
ch_000 with 64.5% missing
co_000 with 64.5% missing
cr_000 with 77.10000000000001% missing




KNN determines neighborhoods, so there must be a distance metric. This implies that all features must be numeric. Distance metrics may be effected by varying scales between attributes and also high-dimensional space.

DT on the other hand predicts a class for a given input vector. The attributes may be numeric or nominal.