      class  aa_000  ab_000   ...      ee_009  ef_000  eg_000
7644    neg   35484     0.0   ...         0.0     0.0     0.0
1684    neg      30     0.0   ...         0.0     0.0     0.0
6266    neg      90     0.0   ...         0.0     0.0     0.0
34051   neg       8     0.0   ...         0.0     0.0     0.0
19652   neg    6712     0.0   ...         0.0     0.0     0.0
5099    neg     376     0.0   ...         0.0     0.0     0.0
27638   neg   72710     0.0   ...         0.0     0.0     0.0
21290   neg   42464     0.0   ...         0.0     0.0     0.0
51008   neg   42828     0.0   ...       996.0     0.0     0.0
49185   neg   29678     0.0   ...        12.0     0.0     0.0
39624   neg    1800     0.0   ...         0.0     0.0     0.0
33572   neg   21696     0.0   ...         0.0     0.0     0.0
14577   neg    6854     0.0   ...         0.0     0.0     0.0
57241   neg       2     0.0   ...         0.0     0.0     0.0
11861   neg     740     2.0   ...         0.0     0.0     0.0
2159    neg     746     2.0   ...         2.0     0.0     0.0
44686   neg      14     0.0   ...         0.0     0.0     0.0
50168   neg    1608     0.0   ...         0.0     0.0     0.0
25040   neg   39478     0.0   ...     16850.0     0.0     0.0
7878    neg     726     0.0   ...         0.0     0.0     0.0
13845   neg   40106     0.0   ...    216312.0     0.0     0.0
7735    neg    1640     0.0   ...         0.0     0.0     0.0
6321    neg   30192     0.0   ...       210.0     0.0     0.0
2418    neg   13906     0.0   ...         0.0     0.0     0.0
24167   neg      10     0.0   ...         0.0     0.0     0.0
18326   neg  104910     0.0   ...     45324.0     0.0     0.0
43224   neg  157712     0.0   ...        10.0     0.0     0.0
41148   neg     898     0.0   ...         0.0     0.0     0.0
38981   neg   52082     0.0   ...    103904.0     0.0     0.0
7225    neg       4     0.0   ...         0.0     0.0     0.0
...     ...     ...     ...   ...         ...     ...     ...
40983   neg      18     0.0   ...         0.0     0.0     0.0
31924   neg   23342     0.0   ...         0.0     0.0     0.0
28797   neg   28752     0.0   ...         0.0     0.0     0.0
37896   neg   31994     0.0   ...         0.0     0.0     0.0
38861   neg    1282     0.0   ...         0.0     0.0     0.0
58917   neg     414     0.0   ...         0.0     0.0     0.0
37910   neg       6     0.0   ...         0.0     0.0     0.0
22621   neg       6     0.0   ...         0.0     0.0     0.0
51173   neg   43350     0.0   ...         0.0     0.0     0.0
58554   neg   35782     0.0   ...       816.0     0.0     0.0
2593    neg     172     0.0   ...         0.0     0.0     0.0
48167   neg   59370     0.0   ...      4224.0     0.0     0.0
54343   neg   29690     0.0   ...         0.0     0.0     0.0
9692    neg     982     0.0   ...         0.0     0.0     0.0
13202   neg   31164     0.0   ...     20248.0     0.0     0.0
28594   neg   49420     0.0   ...      4138.0     0.0     0.0
37786   neg  118470     0.0   ...    211592.0     0.0     0.0
47215   neg     338     0.0   ...         0.0     0.0     0.0
52943   neg   10676     0.0   ...      1020.0     0.0     0.0
27433   neg   62782     0.0   ...       910.0     0.0     0.0
51992   neg   28800     0.0   ...       480.0     0.0     0.0
154     neg   79230     0.0   ...     31902.0     0.0     0.0
10169   neg   37268     0.0   ...      7620.0     0.0     0.0
50865   neg    1116     0.0   ...         0.0     0.0     0.0
46350   neg    1520     0.0   ...         0.0     0.0     0.0
37844   neg   17594     0.0   ...         4.0     0.0     0.0
47094   neg    1346     0.0   ...         0.0     0.0     0.0
52320   neg      10     0.0   ...         0.0     0.0     0.0
10638   neg  336922     0.0   ...     11618.0     0.0     0.0
52734   neg   40758     0.0   ...       208.0     0.0     0.0

[5000 rows x 171 columns]
Rand score for kmeans
-0.024836144468144816
silhouette score for kmeans
0.986343145319634
running spectral
