(3,11,53,97) - K
[0.972672, 0.956928, 0.933632, 0.930112] - specificity
[97.09375, 95.6625, 93.48125, 93.14375] - acc
[0.8986666666666666, 0.944, 0.984, 0.9866666666666667] - sensivity

random forests
(1,10,100,500)- number forests
[0.965376, 0.993088, 0.994304, 0.993792]
[95.94375000000001, 98.3375, 98.7125, 98.675]
[0.712, 0.5786666666666667, 0.688, 0.6933333333333334]

(2,5,10,20)
kmeans
[0.20221556570412177, 0.530935114239829, 0.259137202120602, 0.20530644858053676] - rand
[0.5538877748421517, 0.38747204936558477, 0.026549186781986915, -0.22124406697274474] -silhouette